研26202,16256.1201171875,15889.259765625,2022-11-22 10:54:25
