研26202,16256.1201171875,15951.58984375,2022-11-29 06:34:25
